402.0007  1.216288e-09
402.02  1.241765e-09
402.02  1.241765e-09
402.0402  1.265665e-09
402.0402  1.265665e-09
402.0585  1.291098e-09
402.0585  1.291098e-09
402.0802  1.349639e-09
402.0802  1.349639e-09
402.101  1.392931e-09
402.101  1.392931e-09
402.1201  1.453048e-09
402.1201  1.453048e-09
402.1409  1.540049e-09
402.1409  1.540049e-09
402.161  1.638739e-09
402.161  1.638739e-09
402.1824  1.758404e-09
402.1824  1.758404e-09
402.2023  1.975456e-09
402.2023  1.975456e-09
402.2218  2.31267e-09
402.2218  2.31267e-09
402.2428  2.59625e-09
402.2428  2.59625e-09
402.2615  3.00974e-09
402.2615  3.00974e-09
402.2828  3.547e-09
402.2828  3.547e-09
402.302  4.01184e-09
402.302  4.01184e-09
402.3237  4.35236e-09
402.3237  4.35236e-09
402.3439  4.46287e-09
402.3439  4.46287e-09
402.3641  4.30485e-09
402.3641  4.30485e-09
402.3844  3.92297e-09
402.3844  3.92297e-09
402.4046  3.45974e-09
402.4046  3.45974e-09
402.4247  3.11076e-09
402.4247  3.11076e-09
402.4461  2.80679e-09
402.4461  2.80679e-09
402.4656  2.6484e-09
402.4656  2.6484e-09
402.4813  2.67271e-09
402.4813  2.67271e-09
402.5063  2.78061e-09
402.5063  2.78061e-09
402.5257  3.10612e-09
402.5257  3.10612e-09
402.5467  3.4873e-09
402.5467  3.4873e-09
402.5658  3.94288e-09
402.5658  3.94288e-09
402.5867  4.15897e-09
402.5867  4.15897e-09
402.6048  4.06843e-09
402.6048  4.06843e-09
402.6263  3.73204e-09
402.6263  3.73204e-09
402.6475  3.17914e-09
402.6475  3.17914e-09
402.6659  2.79838e-09
402.6659  2.79838e-09
402.688  2.45559e-09
402.688  2.45559e-09
402.7083  2.27196e-09
402.7083  2.27196e-09
402.7269  2.22904e-09
402.7269  2.22904e-09
402.749  2.30981e-09
402.749  2.30981e-09
402.7667  2.4783e-09
402.7667  2.4783e-09
402.7889  2.66492e-09
402.7889  2.66492e-09
402.8099  2.78693e-09
402.8099  2.78693e-09
402.8276  2.71907e-09
402.8276  2.71907e-09
402.8501  2.50599e-09
402.8501  2.50599e-09
402.8701  2.26733e-09
402.8701  2.26733e-09
402.8888  1.906186e-09
402.8888  1.906186e-09
402.9109  1.736115e-09
402.9109  1.736115e-09
402.9269  1.62312e-09
