400.500981101017  7.801E-10
400.516530597805  8.224E-10
400.538668154851  0.0000000010287
400.559525428276  0.0000000013124
400.579742218939  0.0000000016808
400.600016071703  0.0000000021076
400.618862143036  0.0000000027632
400.640772892782  0.0000000033561
400.65817059331  0.0000000040999
400.679455343712  0.0000000043769
400.701260971798  0.0000000042867
400.719613668087  0.0000000038863
400.741964054789  0.0000000032514
400.759988170251  0.0000000027048
400.78157101627  0.0000000024634
400.79854946558  0.0000000023323
400.821334424351  0.0000000024205
400.843403288562  0.0000000027463
400.86157322485  0.0000000031678
400.884171003198  0.0000000037511
400.901676554835  0.000000004198
400.924256002951  0.0000000043366
400.944100576504  0.0000000041513
400.96355180803  0.0000000036113
400.985133926966  0.000000003011
401.003134519449  0.0000000024831
401.025937439155  0.0000000020914
401.045832049273  0.000000001884
401.064732872037  0.0000000018863
401.086138058395  0.0000000020187
401.106787258495  0.0000000022394
401.124647838664  0.0000000024572
401.146912756761  0.0000000026333
401.167713876862  0.0000000026178
401.186524659622  0.0000000023736
401.208182481294  0.0000000019299
