400.540455 0.045569
400.560973 0.050072
400.581492 0.055702
400.598594 0.061333
400.613417 0.06753
400.628239 0.072598
400.639644 0.078796
400.648772 0.086123
400.660179 0.092885
400.671587 0.100775
400.681857 0.109229
400.687566 0.115993
400.693273 0.121066
400.700123 0.128957
400.705842 0.140797
400.710413 0.148126
400.718409 0.159401
400.724125 0.170112
400.730986 0.183643
400.737848 0.197738
400.744716 0.215216
400.750445 0.232695
400.757315 0.251301
400.764195 0.275546
400.772218 0.301482
400.776828 0.330803
400.783728 0.365763
400.789482 0.397339
400.797546 0.446396
400.80333 0.494326
400.810277 0.555789
400.814947 0.617817
400.823031 0.677588
400.828851 0.745818
400.834685 0.82138
400.841636 0.885098
400.849706 0.936975
400.853192 0.974755
400.861196 0.990541
400.868048 0.998997
400.875982 0.975873
400.880473 0.938653
400.889501 0.890716
400.895096 0.833759
400.901823 0.773418
400.908543 0.708565
400.917543 0.644839
400.922007 0.592957
400.929887 0.539946
400.935516 0.502162
400.943427 0.466632
400.950218 0.441253
400.958149 0.416438
400.963822 0.402901
400.970635 0.389928
400.97518 0.383159
400.986572 0.382026
400.995701 0.389353
401.00256 0.401756
401.010554 0.411903
401.016297 0.437277
401.024322 0.464905
401.030077 0.497045
401.036971 0.528621
401.04162 0.579371
401.049689 0.630683
401.05435 0.6882
401.062432 0.746843
401.068249 0.813382
401.075198 0.875409
401.079855 0.93067
401.089026 0.961681
401.093626 0.984799
401.103888 0.988742
401.106133 0.970132
401.115207 0.947572
401.120818 0.899637
401.127559 0.846626
401.135409 0.777262
401.142115 0.705078
401.147699 0.642482
401.155573 0.586087
401.161187 0.539844
401.169079 0.4936
401.175834 0.448484
401.188305 0.413516
401.196198 0.367836
401.203004 0.350916
401.210949 0.333995
401.215489 0.323842
401.224588 0.314816
401.240532 0.310861
401.245104 0.318754
401.250812 0.324955
401.255389 0.335667
401.264534 0.352016
401.26799 0.372879
401.27601 0.397124
401.282895 0.424189
401.288651 0.456893
401.294395 0.48283
401.302434 0.517789
401.307041 0.545419
401.316199 0.568535
401.320795 0.589961
401.329924 0.597852
401.339028 0.591645
401.342427 0.580929
401.348079 0.555551
401.355995 0.522841
401.36276 0.4828
401.368388 0.445016
401.375159 0.408358
401.383063 0.368881
401.3887 0.335608
401.395486 0.307409
401.402276 0.28203
401.409078 0.262855
401.413601 0.24368
401.421549 0.227887
401.429503 0.216041
401.436323 0.207015
401.440858 0.194607
401.45224 0.187835
401.456789 0.182758
401.470454 0.178241
401.481856 0.182747
401.489844 0.18951
401.495557 0.198531
