400.500981101017  7.801E-10
400.516530597805  8.224E-10
400.538668154851  0.0000000010287
400.559525428276  0.0000000013124
400.579742218939  0.0000000016808
400.600016071703  0.0000000021076
400.618862143036  0.0000000027632
400.640772892782  0.0000000033561
400.65817059331  0.0000000040999
400.679455343712  0.0000000043769
400.701260971798  0.0000000042867
400.719613668087  0.0000000038863
400.741964054789  0.0000000032514
400.759988170251  0.0000000027048
400.78157101627  0.0000000024634
400.79854946558  0.0000000023323
400.821334424351  0.0000000024205
400.843403288562  0.0000000027463
400.86157322485  0.0000000031678
400.884171003198  0.0000000037511
400.901676554835  0.000000004198
400.924256002951  0.0000000043366
400.944100576504  0.0000000041513
400.96355180803  0.0000000036113
400.985133926966  0.000000003011
401.003134519449  0.0000000024831
401.025937439155  0.0000000020914
401.045832049273  0.000000001884
401.064732872037  0.0000000018863
401.086138058395  0.0000000020187
401.106787258495  0.0000000022394
401.124647838664  0.0000000024572
401.146912756761  0.0000000026333
401.167713876862  0.0000000026178
401.186524659622  0.0000000023736
401.208182481294  0.0000000019299
401.228209075544  0.000000001601
401.24879739509  0.0000000013353
401.267376519992  0.0000000011663
401.288678999258  0.0000000010922
401.309314491739  0.0000000011055
401.330030049609  0.0000000011752
401.35013057599  0.0000000012685
401.369713652148  0.0000000013194
401.389868809345  0.0000000012845
401.410342477751  0.0000000011618
401.430946346779  0.00000000101637
401.448894939762  8.6371E-10
401.470888048104  7.3303E-10
401.492081630403  6.4626E-10
401.510621436162  5.8991E-10
401.532336429094  5.7437E-10
401.550990002029  5.8434E-10
401.572746757146  6.0464E-10
401.590762133253  6.1837E-10
401.613522489853  6.0467E-10
401.633635715971  5.726E-10
401.653180773124  4.9672E-10
401.674434413901  4.4942E-10
401.692352712466  3.9605E-10
401.714332892275  3.6076E-10
401.734285891954  3.3054E-10
401.755611887887  3.1784E-10
401.774705434986  3.1543E-10
401.796043782076  3.1753E-10
401.814570680825  3.1914E-10
401.836590826785  3.1354E-10
401.854997785524  3.0172E-10
401.876724507179  2.8081E-10
401.896329940347  2.5095E-10
401.917254349158  2.343E-10
401.934815989606  2.1969E-10
401.957429047327  2.0886E-10
401.978335405053  2.0404E-10
401.996962721722  1.29215E-10
