399.902321 0.009761
399.920551 0.009753
399.936503 0.009746
399.952455 0.009739
399.972966 0.010858
399.988918 0.010851
400.002593 0.011973
400.029939 0.011961
400.055006 0.011949
400.08919 0.013062
400.116536 0.01305
400.141605 0.014167
400.175787 0.014152
400.205414 0.015266
400.230483 0.016383
400.257831 0.017499
400.280621 0.018617
400.310248 0.019731
400.342155 0.021973
400.367226 0.024217
400.390017 0.025335
400.417366 0.027579
400.442438 0.029823
400.467511 0.033196
400.494863 0.036567
400.515378 0.039941
400.540455 0.045569
400.560973 0.050072
400.581492 0.055702
400.598594 0.061333
400.613417 0.06753
400.628239 0.072598
400.639644 0.078796
400.648772 0.086123
400.660179 0.092885
400.671587 0.100775
400.681857 0.109229
400.687566 0.115993
400.693273 0.121066
400.700123 0.128957
400.705842 0.140797
400.710413 0.148126
400.718409 0.159401
400.724125 0.170112
400.730986 0.183643
400.737848 0.197738
400.744716 0.215216
400.750445 0.232695
400.757315 0.251301
400.764195 0.275546
400.772218 0.301482
400.776828 0.330803
400.783728 0.365763
400.789482 0.397339
400.797546 0.446396
400.80333 0.494326
400.810277 0.555789
400.814947 0.617817
400.823031 0.677588
400.828851 0.745818
400.834685 0.82138
400.841636 0.885098
400.849706 0.936975
400.853192 0.974755
400.861196 0.990541
400.868048 0.998997
400.875982 0.975873
400.880473 0.938653
400.889501 0.890716
400.895096 0.833759
400.901823 0.773418
400.908543 0.708565
400.917543 0.644839
400.922007 0.592957
400.929887 0.539946
400.935516 0.502162
400.943427 0.466632
400.950218 0.441253
400.958149 0.416438
400.963822 0.402901
400.970635 0.389928
400.97518 0.383159
400.986572 0.382026
400.995701 0.389353
401.00256 0.401756
401.010554 0.411903
401.016297 0.437277
401.024322 0.464905
401.030077 0.497045
401.036971 0.528621
401.04162 0.579371
401.049689 0.630683
401.05435 0.6882
401.062432 0.746843
401.068249 0.813382
401.075198 0.875409
401.079855 0.93067
401.089026 0.961681
401.093626 0.984799
401.103888 0.988742
401.106133 0.970132
401.115207 0.947572
401.120818 0.899637
401.127559 0.846626
401.135409 0.777262
401.142115 0.705078
401.147699 0.642482
401.155573 0.586087
401.161187 0.539844
401.169079 0.4936
401.175834 0.448484
401.188305 0.413516
401.196198 0.367836
401.203004 0.350916
401.210949 0.333995
401.215489 0.323842
401.224588 0.314816
401.240532 0.310861
401.245104 0.318754
401.250812 0.324955
401.255389 0.335667
401.264534 0.352016
401.26799 0.372879
401.27601 0.397124
401.282895 0.424189
401.288651 0.456893
401.294395 0.48283
401.302434 0.517789
401.307041 0.545419
401.316199 0.568535
401.320795 0.589961
401.329924 0.597852
401.339028 0.591645
401.342427 0.580929
401.348079 0.555551
401.355995 0.522841
401.36276 0.4828
401.368388 0.445016
401.375159 0.408358
401.383063 0.368881
401.3887 0.335608
401.395486 0.307409
401.402276 0.28203
401.409078 0.262855
401.413601 0.24368
401.421549 0.227887
401.429503 0.216041
401.436323 0.207015
401.440858 0.194607
401.45224 0.187835
401.456789 0.182758
401.470454 0.178241
401.481856 0.182747
401.489844 0.18951
401.495557 0.198531
401.50355 0.208113
401.510406 0.218825
401.517267 0.232356
401.521849 0.245887
401.529844 0.256598
401.535561 0.26731
401.542412 0.275765
401.549261 0.282529
401.557238 0.28309
401.560647 0.278013
401.569746 0.268986
401.576558 0.25545
401.581093 0.243042
401.590177 0.225556
401.595842 0.207509
401.604926 0.190587
401.609451 0.17254
401.617407 0.161259
401.621941 0.148287
401.629898 0.137569
401.635579 0.129108
401.64354 0.120645
401.648085 0.113877
401.654912 0.108234
401.66288 0.104283
401.667429 0.099206
401.677677 0.095818
401.689065 0.09243
401.699316 0.09017
401.714132 0.092419
401.724393 0.095798
401.733519 0.101433
401.741506 0.107632
401.74949 0.11214
401.759751 0.116083
401.766594 0.119463
401.776852 0.12115
401.78482 0.116636
401.793923 0.109865
401.801885 0.10253
401.810987 0.095195
401.820086 0.086169
401.828049 0.078834
401.838289 0.070935
401.848532 0.064164
401.859916 0.05852
401.87244 0.053439
401.886104 0.048358
401.899773 0.046096
401.914582 0.044398
401.933952 0.044389
401.948768 0.046638
401.964725 0.049451
401.97954 0.051136
401.996632 0.051128
402.009158 0.047175
402.022822 0.042094
402.036486 0.037577
402.052429 0.032495
402.07407 0.027974
402.090587 0.025993
402.10198 0.02486
402.11508 0.023444
402.129893 0.023438
402.141287 0.023715
402.154961 0.023991
402.170914 0.024829
402.185157 0.025105
402.200538 0.024816
402.21307 0.023965
402.22617 0.021985
402.239841 0.020852
402.25408 0.018872
402.270598 0.017173
402.285408 0.015756
402.300789 0.015186
402.316739 0.014333
402.3344 0.014043
402.349213 0.014318
402.364025 0.014594
402.378268 0.014869
402.391371 0.014582
402.402194 0.013731
402.419284 0.013159
402.436373 0.012024
402.454033 0.011452
402.472263 0.01088
402.493341 0.010589
402.51271 0.009735
402.535498 0.009725
402.561133 0.009149
402.585631 0.009138
402.606709 0.008565
402.631206 0.008554
402.652284 0.007981
402.674502 0.007689
402.69786 0.007679
402.721217 0.007387
402.745715 0.007376
402.767933 0.007084
402.789012 0.007357
402.810661 0.007347
402.834018 0.006773
402.853388 0.006764
402.875605 0.006191
402.900102 0.005898
402.92289 0.005888
402.94283 0.006161
402.957642 0.00559
402.978151 0.005581
402.99866 0.00529
403.015181 0.005283
403.040818 0.005272
403.065884 0.004415
403.089812 0.004686
403.126842 0.004106
403.165013 0.004653
403.199765 0.004638
403.234516 0.004058
403.255594 0.003767
403.276674 0.004322
403.294905 0.004313
