          400.200012            0.055319
          400.202212            0.055273
          400.204412            0.055208
          400.206612            0.055128
          400.208812            0.055034
          400.211012            0.054930
          400.213212            0.054817
          400.215412            0.054698
          400.217612            0.054576
          400.219812            0.054453
          400.222012            0.054332
          400.224212            0.054215
          400.226412            0.054134
          400.228612            0.054073
          400.230812            0.054012
          400.233012            0.053953
          400.235212            0.053892
          400.237412            0.053831
          400.239612            0.053769
          400.241812            0.053706
          400.244012            0.053640
          400.246212            0.053572
          400.248412            0.053500
          400.250612            0.053425
          400.252812            0.053346
          400.255012            0.053263
          400.257212            0.053175
          400.259412            0.053074
          400.261612            0.052871
          400.263812            0.052649
          400.266012            0.052416
          400.268212            0.052175
          400.270412            0.051934
          400.272612            0.051698
          400.274812            0.051471
          400.277012            0.051260
          400.279212            0.051070
          400.281412            0.050906
          400.283612            0.050774
          400.285812            0.050681
          400.288012            0.050630
          400.290212            0.050628
          400.292412            0.050680
          400.294612            0.050792
          400.296812            0.050980
          400.299012            0.051271
          400.301212            0.051619
          400.303412            0.052017
          400.305612            0.052458
          400.307812            0.052934
          400.310012            0.053438
          400.312212            0.053962
          400.314412            0.054500
          400.316612            0.055043
          400.318812            0.055585
          400.321012            0.056118
          400.323212            0.056620
          400.325412            0.057108
          400.327612            0.057598
          400.329812            0.058085
          400.332012            0.058569
          400.334212            0.059045
          400.336412            0.059512
          400.338612            0.059967
          400.340812            0.060406
          400.343012            0.060829
          400.345212            0.061231
          400.347412            0.061610
          400.349612            0.061965
          400.351812            0.062291
          400.354012            0.062586
          400.356212            0.062847
          400.358412            0.063041
          400.360612            0.063200
          400.362812            0.063328
          400.365012            0.063430
          400.367212            0.063509
          400.369412            0.063570
          400.371612            0.063617
          400.373812            0.063655
          400.376012            0.063686
          400.378212            0.063716
          400.380412            0.063749
          400.382612            0.063789
          400.384812            0.063840
          400.387012            0.063906
          400.389212            0.064031
          400.391412            0.064177
          400.393612            0.064333
          400.395812            0.064496
          400.398012            0.064666
          400.400212            0.064840
          400.402412            0.065017
          400.404612            0.065196
          400.406812            0.065375
          400.409012            0.065553
          400.411212            0.065728
          400.413412            0.065899
          400.415612            0.066064
          400.417812            0.066197
          400.420012            0.066318
          400.422212            0.066432
          400.424412            0.066540
          400.426612            0.066644
          400.428812            0.066745
          400.431012            0.066843
          400.433212            0.066939
          400.435412            0.067034
          400.437612            0.067130
          400.439812            0.067227
          400.442012            0.067326
          400.444212            0.067429
          400.446412            0.067536
          400.448612            0.067648
          400.450812            0.067766
          400.453012            0.067892
          400.455212            0.068025
          400.457412            0.068168
          400.459612            0.068323
          400.461812            0.068489
          400.464012            0.068662
          400.466212            0.068842
          400.468412            0.069030
          400.470612            0.069224
          400.472812            0.069424
          400.475012            0.069632
          400.477212            0.069845
          400.479412            0.070065
          400.481612            0.070292
          400.483812            0.070524
          400.486012            0.070762
          400.488212            0.071007
          400.490412            0.071257
          400.492612            0.071512
          400.494812            0.071773
          400.497012            0.072040
          400.499212            0.072311
          400.501412            0.072588
          400.503612            0.072776
          400.505812            0.072960
          400.508012            0.073144
          400.510212            0.073331
          400.512412            0.073522
          400.514612            0.073721
          400.516812            0.073929
          400.519012            0.074149
          400.521212            0.074385
          400.523412            0.074637
          400.525612            0.074909
          400.527812            0.075203
          400.530012            0.075522
          400.532212            0.075868
          400.534412            0.076244
          400.536612            0.076652
          400.538812            0.077095
          400.541012            0.077574
          400.543212            0.078093
          400.545412            0.078655
          400.547612            0.079260
          400.549812            0.079906
          400.552012            0.080593
          400.554212            0.081317
          400.556412            0.082076
          400.558612            0.082868
          400.560812            0.083690
          400.563012            0.084539
          400.565212            0.085413
          400.567412            0.086309
          400.569612            0.087225
          400.571812            0.088159
          400.574012            0.089106
          400.576212            0.090067
          400.578412            0.091035
          400.580612            0.091972
          400.582812            0.092927
          400.585012            0.093897
          400.587212            0.094881
          400.589412            0.095878
          400.591612            0.096885
          400.593812            0.097901
          400.596012            0.098924
          400.598212            0.099953
          400.600412            0.100986
          400.602612            0.102021
          400.604812            0.103056
          400.607012            0.104089
          400.609212            0.105101
          400.611412            0.106116
          400.613612            0.107132
          400.615812            0.108150
          400.618012            0.109170
          400.620212            0.110192
          400.622412            0.111215
          400.624612            0.112241
          400.626812            0.113269
          400.629012            0.114299
          400.631212            0.115331
          400.633412            0.116339
          400.635612            0.117304
          400.637812            0.118263
          400.640012            0.119219
          400.642212            0.120177
          400.644412            0.121142
          400.646612            0.122116
          400.648812            0.123105
          400.651012            0.124112
          400.653212            0.125142
          400.655412            0.126199
          400.657612            0.127287
          400.659812            0.128409
          400.662012            0.129571
          400.664212            0.130777
          400.666412            0.132030
          400.668612            0.133121
          400.670812            0.134209
          400.673012            0.135341
          400.675212            0.136538
          400.677412            0.137823
          400.679612            0.139215
          400.681812            0.140738
          400.684012            0.142412
          400.686212            0.144259
          400.688412            0.146300
          400.690612            0.148375
          400.692812            0.150452
          400.695012            0.152698
          400.697212            0.155137
          400.699412            0.157790
          400.701612            0.160682
          400.703812            0.163834
          400.706012            0.167271
          400.708212            0.171016
          400.710412            0.175090
          400.712612            0.179502
          400.714812            0.184212
          400.717012            0.189261
          400.719212            0.194588
          400.721412            0.200132
          400.723612            0.205831
          400.725812            0.211625
          400.728012            0.217397
          400.730212            0.223246
          400.732412            0.229168
          400.734612            0.235112
          400.736812            0.241026
          400.739012            0.246860
          400.741212            0.252366
          400.743412            0.256838
          400.745612            0.261042
          400.747812            0.265171
          400.750012            0.269418
          400.752212            0.273976
          400.754412            0.279037
          400.756612            0.284795
          400.758812            0.291442
          400.761012            0.299208
          400.763212            0.308241
          400.765412            0.318015
          400.767612            0.328233
          400.769812            0.338212
          400.772012            0.346926
          400.774212            0.355838
          400.776412            0.365590
          400.778612            0.376821
          400.780812            0.390226
          400.783012            0.406515
          400.785212            0.423748
          400.787412            0.439855
          400.789612            0.454373
          400.791812            0.468111
          400.794012            0.481411
          400.796212            0.494616
          400.798412            0.507599
          400.800612            0.519388
          400.802812            0.531259
          400.805012            0.543960
          400.807212            0.558242
          400.809412            0.574855
          400.811612            0.594547
          400.813812            0.619042
          400.816012            0.645314
          400.818212            0.669792
          400.820412            0.690772
          400.822612            0.709254
          400.824812            0.725541
          400.827012            0.739935
          400.829212            0.752782
          400.831412            0.764426
          400.833612            0.774344
          400.835812            0.783130
          400.838012            0.791375
          400.840212            0.799674
          400.842412            0.808619
          400.844612            0.819429
          400.846812            0.831063
          400.849012            0.841867
          400.851212            0.852373
          400.853412            0.861431
          400.855612            0.868050
          400.857812            0.871233
          400.860012            0.870331
          400.862212            0.866354
          400.864412            0.860633
          400.866612            0.855008
          400.868812            0.851128
          400.871012            0.846935
          400.873212            0.842131
          400.875412            0.836416
          400.877612            0.829521
          400.879812            0.821862
          400.882012            0.812951
          400.884212            0.802689
          400.886412            0.790920
          400.888612            0.777092
          400.890812            0.761897
          400.893012            0.746153
          400.895212            0.730678
          400.897412            0.716289
          400.899612            0.705576
          400.901812            0.695990
          400.904012            0.686668
          400.906212            0.676767
          400.908412            0.665446
          400.910612            0.650517
          400.912812            0.633878
          400.915012            0.617332
          400.917212            0.602333
          400.919412            0.590529
          400.921612            0.580678
          400.923812            0.572094
          400.926012            0.564119
          400.928212            0.555580
          400.930412            0.547497
          400.932612            0.539807
          400.934812            0.532448
          400.937012            0.525357
          400.939212            0.518018
          400.941412            0.510924
          400.943612            0.504355
          400.945812            0.498514
          400.948012            0.493455
          400.950212            0.489176
          400.952412            0.485520
          400.954612            0.482329
          400.956812            0.479443
          400.959012            0.476154
          400.961212            0.472924
          400.963412            0.469973
          400.965612            0.467369
          400.967812            0.465179
          400.970012            0.463473
          400.972212            0.462195
          400.974412            0.461212
          400.976612            0.460819
          400.978812            0.461078
          400.981012            0.461895
          400.983212            0.463267
          400.985412            0.465454
          400.987612            0.468521
          400.989812            0.472392
          400.992012            0.476652
          400.994212            0.480875
          400.996412            0.483676
          400.998612            0.485989
          401.000812            0.488091
          401.003012            0.490217
          401.005212            0.492602
          401.007412            0.495480
          401.009612            0.499087
          401.011812            0.503325
          401.014012            0.506882
          401.016212            0.511467
          401.018412            0.517801
          401.020612            0.526601
          401.022812            0.538595
          401.025012            0.554847
          401.027212            0.572770
          401.029412            0.588769
          401.031612            0.601250
          401.033812            0.612485
          401.036012            0.623660
          401.038212            0.635961
          401.040412            0.651121
          401.042612            0.670586
          401.044812            0.691082
          401.047012            0.710941
          401.049212            0.727640
          401.051412            0.739774
          401.053612            0.750069
          401.055812            0.759896
          401.058012            0.770629
          401.060212            0.784199
          401.062412            0.803158
          401.064612            0.822987
          401.066812            0.841498
          401.069012            0.856316
          401.071212            0.866679
          401.073412            0.874104
          401.075612            0.879412
          401.077812            0.884686
          401.080012            0.891112
          401.082212            0.896621
          401.084412            0.900867
          401.086612            0.903502
          401.088812            0.904182
          401.091012            0.902558
          401.093212            0.898285
          401.095412            0.890588
          401.097612            0.880014
          401.099812            0.868172
          401.102012            0.856480
          401.104212            0.849954
          401.106412            0.847058
          401.108612            0.845413
          401.110812            0.843698
          401.113012            0.840591
          401.115212            0.834771
          401.117412            0.824915
          401.119612            0.809701
          401.121812            0.785938
          401.124012            0.760628
          401.126212            0.739761
          401.128412            0.726456
          401.130612            0.717573
          401.132812            0.711507
          401.135012            0.706653
          401.137212            0.701406
          401.139412            0.694159
          401.141612            0.681300
          401.143812            0.667026
          401.146012            0.652562
          401.148212            0.638870
          401.150412            0.627539
          401.152612            0.617344
          401.154812            0.607966
          401.157012            0.599085
          401.159212            0.590382
          401.161412            0.581538
          401.163612            0.572031
          401.165812            0.562127
          401.168012            0.552083
          401.170212            0.541877
          401.172412            0.531291
          401.174612            0.520431
          401.176812            0.509696
          401.179012            0.499418
          401.181212            0.489533
          401.183412            0.480196
          401.185612            0.471723
          401.187812            0.464374
          401.190012            0.459570
          401.192212            0.456514
          401.194412            0.454300
          401.196612            0.452118
          401.198812            0.449158
          401.201012            0.444610
          401.203212            0.437330
          401.205412            0.429271
          401.207612            0.424494
          401.209812            0.422107
          401.212012            0.421011
          401.214212            0.419732
          401.216412            0.417128
          401.218612            0.414646
          401.220812            0.412441
          401.223012            0.410667
          401.225212            0.409469
          401.227412            0.408781
          401.229612            0.408674
          401.231812            0.409115
          401.234012            0.410071
          401.236212            0.411511
          401.238412            0.413401
          401.240612            0.415709
          401.242812            0.418403
          401.245012            0.421449
          401.247212            0.423743
          401.249412            0.426516
          401.251612            0.429979
          401.253812            0.434346
          401.256012            0.439826
          401.258212            0.446737
          401.260412            0.454498
          401.262612            0.462079
          401.264812            0.468896
          401.267012            0.475287
          401.269212            0.481275
          401.271412            0.486880
          401.273612            0.492094
          401.275812            0.496164
          401.278012            0.499744
          401.280212            0.503237
          401.282412            0.507043
          401.284612            0.511565
          401.286812            0.517204
          401.289012            0.525111
          401.291212            0.534781
          401.293412            0.544582
          401.295612            0.553418
          401.297812            0.560234
          401.300012            0.565367
          401.302212            0.569118
          401.304412            0.571672
          401.306612            0.573655
          401.308812            0.574662
          401.311012            0.574792
          401.313212            0.574277
          401.315412            0.574254
          401.317612            0.573839
          401.319812            0.572742
          401.322012            0.570748
          401.324212            0.567648
          401.326412            0.563171
          401.328612            0.557513
          401.330812            0.551212
          401.333012            0.544794
          401.335212            0.539345
          401.337412            0.534242
          401.339612            0.529251
          401.341812            0.524255
          401.344012            0.519139
          401.346212            0.513786
          401.348412            0.508025
          401.350612            0.501838
          401.352812            0.495408
          401.355012            0.488807
          401.357212            0.482102
          401.359412            0.475599
          401.361612            0.470191
          401.363812            0.464647
          401.366012            0.458431
          401.368212            0.451009
          401.370412            0.441825
          401.372612            0.429743
          401.374812            0.417198
          401.377012            0.406517
          401.379212            0.398453
          401.381412            0.392079
          401.383612            0.386898
          401.385812            0.382411
          401.388012            0.377948
          401.390212            0.373212
          401.392412            0.368768
          401.394612            0.364399
          401.396812            0.359886
          401.399012            0.354973
          401.401212            0.349050
          401.403412            0.342797
          401.405612            0.336462
          401.407812            0.330295
          401.410012            0.324545
          401.412212            0.319532
          401.414412            0.314989
          401.416612            0.310819
          401.418812            0.306949
          401.421012            0.303304
          401.423212            0.299803
          401.425412            0.296494
          401.427612            0.293244
          401.429812            0.289888
          401.432012            0.286002
          401.434212            0.281900
          401.436412            0.277911
          401.438612            0.274307
          401.440812            0.271411
          401.443012            0.269049
          401.445212            0.267146
          401.447412            0.265631
          401.449612            0.264437
          401.451812            0.263493
          401.454012            0.262732
          401.456212            0.261965
          401.458412            0.260713
          401.460612            0.259636
          401.462812            0.258814
          401.465012            0.258329
          401.467212            0.258262
          401.469412            0.258694
          401.471612            0.259608
          401.473812            0.261008
          401.476012            0.262835
          401.478212            0.264996
          401.480412            0.267393
          401.482612            0.270091
          401.484812            0.272956
          401.487012            0.275835
          401.489212            0.278574
          401.491412            0.280787
          401.493612            0.282551
          401.495812            0.284073
          401.498012            0.285419
          401.500212            0.286655
          401.502412            0.287847
          401.504612            0.289062
          401.506812            0.290365
          401.509012            0.291823
          401.511212            0.293713
          401.513412            0.295919
          401.515612            0.298157
          401.517812            0.300317
          401.520012            0.302287
          401.522212            0.303983
          401.524412            0.305437
          401.526612            0.306639
          401.528812            0.307582
          401.531012            0.308257
          401.533212            0.308658
          401.535412            0.308779
          401.537612            0.309169
          401.539812            0.309418
          401.542012            0.309434
          401.544212            0.309172
          401.546412            0.308591
          401.548612            0.307648
          401.550812            0.306300
          401.553012            0.304505
          401.555212            0.302219
          401.557412            0.299399
          401.559612            0.295965
          401.561812            0.291931
          401.564012            0.287488
          401.566212            0.282820
          401.568412            0.278106
          401.570612            0.273629
          401.572812            0.269456
          401.575012            0.265359
          401.577212            0.261332
          401.579412            0.257366
          401.581612            0.253456
          401.583812            0.249594
          401.586012            0.245621
          401.588212            0.241681
          401.590412            0.237839
          401.592612            0.234144
          401.594812            0.230644
          401.597012            0.227436
          401.599212            0.224502
          401.601412            0.221770
          401.603612            0.219187
          401.605812            0.216698
          401.608012            0.214248
          401.610212            0.211782
          401.612412            0.209246
          401.614612            0.206368
          401.616812            0.203417
          401.619012            0.200433
          401.621212            0.197440
          401.623412            0.194462
          401.625612            0.191526
          401.627812            0.188654
          401.630012            0.185859
          401.632212            0.183071
          401.634412            0.180354
          401.636612            0.177734
          401.638812            0.175237
          401.641012            0.172888
          401.643212            0.170714
          401.645412            0.168680
          401.647612            0.166809
          401.649812            0.165112
          401.652012            0.163580
          401.654212            0.162202
          401.656412            0.160967
          401.658612            0.159865
          401.660812            0.158886
          401.663012            0.158020
          401.665212            0.157255
          401.667412            0.156581
          401.669612            0.155979
          401.671812            0.155252
          401.674012            0.154628
          401.676212            0.154103
          401.678412            0.153671
          401.680612            0.153328
          401.682812            0.153066
          401.685012            0.152883
          401.687212            0.152771
          401.689412            0.152727
          401.691612            0.152745
          401.693812            0.152763
          401.696012            0.152829
          401.698212            0.152965
          401.700412            0.153162
          401.702612            0.153414
          401.704812            0.153711
          401.707012            0.154047
          401.709212            0.154413
          401.711412            0.154802
          401.713612            0.155206
          401.715812            0.155616
          401.718012            0.156024
          401.720212            0.156401
          401.722412            0.156795
          401.724612            0.157201
          401.726812            0.157612
          401.729012            0.158023
          401.731212            0.158429
          401.733412            0.158824
          401.735612            0.159202
          401.737812            0.159558
          401.740012            0.159887
          401.742212            0.160181
          401.744412            0.160590
          401.746612            0.161268
          401.748812            0.161946
          401.751012            0.162575
          401.753212            0.163104
          401.755412            0.163485
          401.757612            0.163667
          401.759812            0.163600
          401.762012            0.163235
          401.764212            0.162522
          401.766412            0.161410
          401.768612            0.159724
          401.770812            0.157710
          401.773012            0.155493
          401.775212            0.153200
          401.777412            0.150955
          401.779612            0.149054
          401.781812            0.147299
          401.784012            0.145635
          401.786212            0.144048
          401.788412            0.142526
          401.790612            0.141056
          401.792812            0.139626
          401.795012            0.138222
          401.797212            0.136832
          401.799412            0.135335
          401.801612            0.133814
          401.803812            0.132307
          401.806012            0.130819
          401.808212            0.129355
          401.810412            0.127918
          401.812612            0.126514
          401.814812            0.125146
          401.817012            0.123819
          401.819212            0.122538
          401.821412            0.121306
          401.823612            0.120130
          401.825812            0.119019
          401.828012            0.117963
          401.830212            0.116957
          401.832412            0.115994
          401.834612            0.115067
          401.836812            0.114169
          401.839012            0.113294
          401.841212            0.112435
          401.843412            0.111586
          401.845612            0.110740
          401.847812            0.109890
          401.850012            0.108971
          401.852212            0.107971
          401.854412            0.106964
          401.856612            0.105957
          401.858812            0.104955
          401.861012            0.103965
          401.863212            0.102992
          401.865412            0.102043
          401.867612            0.101122
          401.869812            0.100237
          401.872012            0.099393
          401.874212            0.098596
          401.876412            0.097852
          401.878612            0.097155
          401.880812            0.096498
          401.883012            0.095889
          401.885212            0.095326
          401.887412            0.094809
          401.889612            0.094336
          401.891812            0.093906
          401.894012            0.093518
          401.896212            0.093171
          401.898412            0.092864
          401.900612            0.092594
          401.902812            0.092362
          401.905012            0.092166
          401.907212            0.091969
          401.909412            0.091784
          401.911612            0.091639
          401.913812            0.091531
          401.916012            0.091459
          401.918212            0.091419
          401.920412            0.091409
          401.922612            0.091428
          401.924812            0.091472
          401.927012            0.091539
          401.929212            0.091627
          401.931412            0.091733
          401.933612            0.091855
          401.935812            0.091991
          401.938012            0.092155
          401.940212            0.092384
          401.942412            0.092640
          401.944612            0.092912
          401.946812            0.093188
          401.949012            0.093456
          401.951212            0.093706
          401.953412            0.093927
          401.955612            0.094106
          401.957812            0.094232
          401.960012            0.094295
          401.962212            0.094282
          401.964412            0.094227
          401.966612            0.094131
          401.968812            0.093970
          401.971012            0.093738
          401.973212            0.093430
          401.975412            0.093039
          401.977612            0.092559
          401.979812            0.091985
          401.982012            0.091311
          401.984212            0.090632
          401.986412            0.089923
          401.988612            0.089102
          401.990812            0.088150
          401.993012            0.087049
          401.995212            0.085780
          401.997412            0.084314
          401.999612            0.082557
          402.001812            0.080632
          402.004012            0.078641
          402.006212            0.076684
          402.008412            0.074861
          402.010612            0.073196
          402.012812            0.071676
          402.015012            0.070357
          402.017212            0.069288
          402.019412            0.068503
          402.021612            0.068014
          402.023812            0.067782
          402.026012            0.067770
          402.028212            0.067943
          402.030412            0.068262
          402.032612            0.068691
          402.034812            0.069192
          402.037012            0.069729
          402.039212            0.070264
          402.041412            0.070660
          402.043612            0.071045
          402.045812            0.071461
          402.048012            0.071891
          402.050212            0.072317
          402.052412            0.072720
          402.054612            0.073083
          402.056812            0.073386
          402.059012            0.073612
          402.061212            0.073747
          402.063412            0.073806
          402.065612            0.073795
          402.067812            0.073716
          402.070012            0.073570
          402.072212            0.073358
          402.074412            0.073081
          402.076612            0.072742
          402.078812            0.072341
          402.081012            0.071880
          402.083212            0.071352
          402.085412            0.070720
          402.087612            0.070011
          402.089812            0.069246
          402.092012            0.068444
          402.094212            0.067626
          402.096412            0.066810
          402.098612            0.066017
          402.100812            0.065266
          402.103012            0.064578
          402.105212            0.063972
          402.107412            0.063495
          402.109612            0.063085
          402.111812            0.062735
          402.114012            0.062441
          402.116212            0.062198
          402.118412            0.062004
          402.120612            0.061853
          402.122812            0.061732
          402.125012            0.061586
          402.127212            0.061480
          402.129412            0.061413
          402.131612            0.061382
          402.133812            0.061387
          402.136012            0.061426
          402.138212            0.061499
          402.140412            0.061602
          402.142612            0.061736
          402.144812            0.061899
          402.147012            0.062089
          402.149212            0.062305
          402.151412            0.062545
          402.153612            0.062809
          402.155812            0.063146
          402.158012            0.063530
          402.160212            0.063949
          402.162412            0.064393
          402.164612            0.064853
          402.166812            0.065320
          402.169012            0.065785
          402.171212            0.066238
          402.173412            0.066671
          402.175612            0.067074
          402.177812            0.067438
          402.180012            0.067754
          402.182212            0.068013
          402.184412            0.068206
          402.186612            0.068278
          402.188812            0.068258
          402.191012            0.068178
          402.193212            0.068043
          402.195412            0.067857
          402.197612            0.067626
          402.199812            0.067353
          402.202012            0.067045
          402.204212            0.066706
          402.206412            0.066341
          402.208612            0.065955
          402.210812            0.065552
          402.213012            0.065138
          402.215212            0.064718
          402.217412            0.064296
          402.219612            0.063883
          402.221812            0.063515
          402.224012            0.063135
          402.226212            0.062744
          402.228412            0.062346
          402.230612            0.061944
          402.232812            0.061540
          402.235012            0.061136
          402.237212            0.060735
          402.239412            0.060341
          402.241612            0.059955
          402.243812            0.059580
          402.246012            0.059218
          402.248212            0.058873
          402.250412            0.058548
          402.252612            0.058259
          402.254812            0.057991
          402.257012            0.057740
          402.259212            0.057504
          402.261412            0.057283
          402.263612            0.057076
          402.265812            0.056881
          402.268012            0.056698
          402.270212            0.056526
          402.272412            0.056363
          402.274612            0.056209
          402.276812            0.056063
          402.279012            0.055923
          402.281212            0.055788
          402.283412            0.055659
          402.285612            0.055532
          402.287812            0.055409
          402.290012            0.055287
          402.292212            0.055145
          402.294412            0.055000
          402.296612            0.054859
          402.298812            0.054723
          402.301012            0.054590
          402.303212            0.054461
          402.305412            0.054336
          402.307612            0.054214
          402.309812            0.054095
          402.312012            0.053979
          402.314212            0.053865
          402.316412            0.053754
          402.318612            0.053645
          402.320812            0.053538
          402.323012            0.053433
          402.325212            0.053330
          402.327412            0.053228
          402.329612            0.053127
          402.331812            0.052992
          402.334012            0.052828
          402.336212            0.052661
          402.338412            0.052492
          402.340612            0.052322
          402.342812            0.052152
          402.345012            0.051985
          402.347212            0.051822
          402.349412            0.051663
          402.351612            0.051512
          402.353812            0.051369
          402.356012            0.051236
          402.358212            0.051114
          402.360412            0.051005
          402.362612            0.050910
          402.364812            0.050831
          402.367012            0.050770
          402.369212            0.050727
          402.371412            0.050705
          402.373612            0.050705
          402.375812            0.050728
          402.378012            0.050776
          402.380212            0.050851
          402.382412            0.050972
          402.384612            0.051163
          402.386812            0.051379
          402.389012            0.051611
          402.391212            0.051852
          402.393412            0.052095
          402.395612            0.052333
          402.397812            0.052557
          402.400012            0.052762
